y time id
3 1 1
3 2 1
3 3 1
2 4 1
3 5 1
2 6 1
2 7 1
3 8 1
3 9 1
1 10 1
1 11 1
0 12 1
5 13 1
0 14 1
0 15 1
1 1 2
0 2 2
2 3 2
4 4 2
3 5 2
4 6 2
5 7 2
5 8 2
2 9 2
5 10 2
4 11 2
0 12 2
2 13 2
1 14 2
2 15 2
4 1 3
3 2 3
2 3 3
2 4 3
2 5 3
3 6 3
4 7 3
3 8 3
3 9 3
3 10 3
2 11 3
3 12 3
5 13 3
6 14 3
5 15 3
2 1 4
3 2 4
2 3 4
1 4 4
1 5 4
1 6 4
2 7 4
2 8 4
3 9 4
2 10 4
3 11 4
1 12 4
1 13 4
1 14 4
2 15 4
4 1 5
4 2 5
3 3 5
3 4 5
2 5 5
2 6 5
4 7 5
3 8 5
3 9 5
3 10 5
4 11 5
3 12 5
3 13 5
4 14 5
2 15 5
3 1 6
3 2 6
2 3 6
0 4 6
2 5 6
2 6 6
4 7 6
3 8 6
2 9 6
2 10 6
2 11 6
3 12 6
1 13 6
3 14 6
2 15 6
3 1 7
2 2 7
2 3 7
3 4 7
5 5 7
3 6 7
6 7 7
6 8 7
4 9 7
3 10 7
4 11 7
5 12 7
5 13 7
4 14 7
2 15 7
2 1 8
3 2 8
2 3 8
1 4 8
3 5 8
3 6 8
2 7 8
0 8 8
0 9 8
1 10 8
1 11 8
0 12 8
3 13 8
2 14 8
4 15 8
1 1 9
3 2 9
2 3 9
3 4 9
4 5 9
4 6 9
4 7 9
5 8 9
3 9 9
5 10 9
5 11 9
3 12 9
3 13 9
5 14 9
4 15 9
1 1 10
2 2 10
2 3 10
2 4 10
2 5 10
1 6 10
1 7 10
1 8 10
1 9 10
1 10 10
1 11 10
1 12 10
2 13 10
0 14 10
2 15 10
4 1 11
4 2 11
5 3 11
3 4 11
2 5 11
2 6 11
3 7 11
3 8 11
3 9 11
4 10 11
2 11 11
2 12 11
3 13 11
4 14 11
3 15 11
2 1 12
2 2 12
4 3 12
2 4 12
2 5 12
2 6 12
1 7 12
0 8 12
2 9 12
3 10 12
2 11 12
1 12 12
2 13 12
3 14 12
4 15 12
4 1 13
2 2 13
2 3 13
3 4 13
4 5 13
4 6 13
4 7 13
4 8 13
3 9 13
5 10 13
3 11 13
5 12 13
3 13 13
4 14 13
3 15 13
2 1 14
2 2 14
1 3 14
0 4 14
1 5 14
2 6 14
2 7 14
1 8 14
1 9 14
1 10 14
1 11 14
1 12 14
1 13 14
1 14 14
1 15 14
0 1 15
0 2 15
0 3 15
0 4 15
2 5 15
2 6 15
2 7 15
0 8 15
0 9 15
1 10 15
0 11 15
0 12 15
0 13 15
0 14 15
2 15 15
1 1 16
1 2 16
1 3 16
1 4 16
1 5 16
1 6 16
0 7 16
1 8 16
0 9 16
0 10 16
0 11 16
1 12 16
0 13 16
1 14 16
0 15 16
4 1 17
3 2 17
4 3 17
3 4 17
1 5 17
0 6 17
3 7 17
2 8 17
4 9 17
2 10 17
2 11 17
2 12 17
1 13 17
2 14 17
1 15 17
7 1 18
7 2 18
3 3 18
4 4 18
4 5 18
5 6 18
4 7 18
4 8 18
5 9 18
6 10 18
6 11 18
7 12 18
4 13 18
4 14 18
4 15 18
2 1 19
2 2 19
1 3 19
1 4 19
1 5 19
1 6 19
2 7 19
2 8 19
3 9 19
7 10 19
4 11 19
6 12 19
1 13 19
0 14 19
0 15 19
0 1 20
1 2 20
0 3 20
0 4 20
0 5 20
0 6 20
0 7 20
0 8 20
0 9 20
0 10 20
0 11 20
0 12 20
0 13 20
0 14 20
0 15 20
1 1 21
1 2 21
1 3 21
1 4 21
1 5 21
0 6 21
0 7 21
0 8 21
0 9 21
0 10 21
1 11 21
1 12 21
0 13 21
0 14 21
0 15 21
2 1 22
0 2 22
2 3 22
0 4 22
0 5 22
0 6 22
1 7 22
1 8 22
0 9 22
1 10 22
2 11 22
0 12 22
0 13 22
0 14 22
0 15 22
4 1 23
4 2 23
3 3 23
2 4 23
1 5 23
2 6 23
2 7 23
1 8 23
2 9 23
2 10 23
2 11 23
2 12 23
4 13 23
4 14 23
3 15 23
0 1 24
1 2 24
0 3 24
1 4 24
0 5 24
1 6 24
1 7 24
2 8 24
1 9 24
1 10 24
1 11 24
0 12 24
1 13 24
1 14 24
0 15 24
0 1 25
2 2 25
0 3 25
1 4 25
0 5 25
2 6 25
0 7 25
1 8 25
2 9 25
2 10 25
1 11 25
1 12 25
0 13 25
0 14 25
1 15 25
1 1 26
0 2 26
0 3 26
0 4 26
0 5 26
0 6 26
1 7 26
0 8 26
0 9 26
0 10 26
0 11 26
1 12 26
0 13 26
1 14 26
2 15 26
2 1 27
2 2 27
3 3 27
2 4 27
1 5 27
1 6 27
1 7 27
0 8 27
0 9 27
0 10 27
1 11 27
1 12 27
0 13 27
0 14 27
0 15 27
1 1 28
1 2 28
0 3 28
0 4 28
0 5 28
0 6 28
1 7 28
0 8 28
0 9 28
1 10 28
0 11 28
0 12 28
0 13 28
0 14 28
1 15 28
12 1 29
8 2 29
7 3 29
3 4 29
3 5 29
2 6 29
4 7 29
2 8 29
2 9 29
4 10 29
3 11 29
4 12 29
3 13 29
4 14 29
2 15 29
1 1 30
2 2 30
2 3 30
1 4 30
1 5 30
1 6 30
1 7 30
1 8 30
1 9 30
1 10 30
1 11 30
3 12 30
2 13 30
2 14 30
2 15 30
1 1 31
3 2 31
2 3 31
2 4 31
3 5 31
2 6 31
1 7 31
0 8 31
2 9 31
1 10 31
0 11 31
0 12 31
2 13 31
1 14 31
1 15 31
2 1 32
2 2 32
1 3 32
0 4 32
2 5 32
1 6 32
1 7 32
0 8 32
2 9 32
0 10 32
1 11 32
0 12 32
1 13 32
1 14 32
1 15 32
3 1 33
2 2 33
5 3 33
2 4 33
2 5 33
1 6 33
1 7 33
2 8 33
2 9 33
3 10 33
3 11 33
11 12 33
1 13 33
3 14 33
2 15 33
1 1 34
1 2 34
4 3 34
1 4 34
0 5 34
2 6 34
2 7 34
3 8 34
1 9 34
2 10 34
2 11 34
1 12 34
3 13 34
2 14 34
0 15 34
0 1 35
1 2 35
0 3 35
0 4 35
0 5 35
0 6 35
0 7 35
0 8 35
0 9 35
0 10 35
0 11 35
0 12 35
0 13 35
0 14 35
1 15 35
0 1 36
0 2 36
0 3 36
0 4 36
0 5 36
0 6 36
0 7 36
0 8 36
1 9 36
0 10 36
0 11 36
0 12 36
0 13 36
0 14 36
0 15 36
0 1 37
1 2 37
2 3 37
0 4 37
1 5 37
0 6 37
1 7 37
1 8 37
0 9 37
0 10 37
0 11 37
0 12 37
0 13 37
0 14 37
0 15 37
0 1 38
0 2 38
0 3 38
0 4 38
0 5 38
0 6 38
0 7 38
0 8 38
1 9 38
0 10 38
0 11 38
0 12 38
0 13 38
1 14 38
0 15 38
0 1 39
0 2 39
1 3 39
0 4 39
0 5 39
0 6 39
1 7 39
0 8 39
1 9 39
1 10 39
0 11 39
2 12 39
0 13 39
0 14 39
0 15 39
3 1 40
2 2 40
2 3 40
2 4 40
2 5 40
2 6 40
1 7 40
2 8 40
1 9 40
1 10 40
1 11 40
2 12 40
2 13 40
1 14 40
2 15 40
1 1 41
1 2 41
2 3 41
0 4 41
0 5 41
1 6 41
0 7 41
1 8 41
1 9 41
1 10 41
0 11 41
0 12 41
1 13 41
0 14 41
0 15 41
0 1 42
1 2 42
1 3 42
1 4 42
2 5 42
2 6 42
1 7 42
1 8 42
2 9 42
0 10 42
2 11 42
1 12 42
1 13 42
1 14 42
3 15 42
0 1 43
0 2 43
0 3 43
1 4 43
0 5 43
0 6 43
0 7 43
1 8 43
1 9 43
0 10 43
0 11 43
1 12 43
0 13 43
0 14 43
0 15 43
2 1 44
0 2 44
2 3 44
1 4 44
3 5 44
1 6 44
1 7 44
1 8 44
2 9 44
2 10 44
2 11 44
0 12 44
2 13 44
2 14 44
2 15 44
0 1 45
0 2 45
0 3 45
0 4 45
3 5 45
2 6 45
0 7 45
0 8 45
0 9 45
0 10 45
0 11 45
0 12 45
0 13 45
2 14 45
0 15 45
1 1 46
1 2 46
2 3 46
0 4 46
2 5 46
0 6 46
0 7 46
2 8 46
0 9 46
1 10 46
1 11 46
1 12 46
1 13 46
2 14 46
0 15 46
0 1 47
2 2 47
2 3 47
1 4 47
1 5 47
1 6 47
1 7 47
0 8 47
0 9 47
2 10 47
3 11 47
0 12 47
1 13 47
1 14 47
0 15 47
4 1 48
2 2 48
0 3 48
1 4 48
1 5 48
0 6 48
1 7 48
1 8 48
2 9 48
1 10 48
1 11 48
1 12 48
0 13 48
1 14 48
2 15 48
0 1 49
0 2 49
1 3 49
0 4 49
0 5 49
0 6 49
1 7 49
0 8 49
1 9 49
0 10 49
0 11 49
0 12 49
0 13 49
2 14 49
0 15 49
0 1 50
0 2 50
0 3 50
0 4 50
0 5 50
1 6 50
0 7 50
0 8 50
0 9 50
0 10 50
0 11 50
0 12 50
0 13 50
0 14 50
0 15 50
3 1 51
0 2 51
1 3 51
1 4 51
1 5 51
0 6 51
1 7 51
1 8 51
1 9 51
1 10 51
1 11 51
0 12 51
1 13 51
1 14 51
1 15 51
0 1 52
1 2 52
0 3 52
0 4 52
0 5 52
0 6 52
1 7 52
1 8 52
0 9 52
0 10 52
0 11 52
0 12 52
0 13 52
0 14 52
0 15 52
4 1 53
4 2 53
4 3 53
0 4 53
1 5 53
0 6 53
2 7 53
1 8 53
1 9 53
0 10 53
0 11 53
0 12 53
1 13 53
1 14 53
2 15 53
2 1 54
2 2 54
2 3 54
3 4 54
0 5 54
2 6 54
1 7 54
2 8 54
2 9 54
1 10 54
2 11 54
1 12 54
2 13 54
2 14 54
2 15 54
1 1 55
2 2 55
3 3 55
2 4 55
2 5 55
2 6 55
1 7 55
1 8 55
1 9 55
1 10 55
2 11 55
1 12 55
2 13 55
0 14 55
1 15 55
0 1 56
2 2 56
3 3 56
2 4 56
6 5 56
2 6 56
3 7 56
1 8 56
3 9 56
2 10 56
1 11 56
2 12 56
1 13 56
1 14 56
2 15 56
2 1 57
1 2 57
2 3 57
3 4 57
2 5 57
2 6 57
2 7 57
2 8 57
1 9 57
1 10 57
2 11 57
2 12 57
2 13 57
3 14 57
3 15 57
2 1 58
1 2 58
0 3 58
2 4 58
2 5 58
0 6 58
2 7 58
2 8 58
0 9 58
1 10 58
2 11 58
4 12 58
2 13 58
1 14 58
2 15 58
0 1 59
0 2 59
0 3 59
1 4 59
0 5 59
0 6 59
0 7 59
0 8 59
1 9 59
2 10 59
0 11 59
1 12 59
1 13 59
0 14 59
1 15 59
1 1 60
1 2 60
2 3 60
0 4 60
1 5 60
1 6 60
1 7 60
1 8 60
2 9 60
0 10 60
0 11 60
0 12 60
1 13 60
2 14 60
1 15 60
6 1 61
6 2 61
4 3 61
5 4 61
10 5 61
0 6 61
2 7 61
0 8 61
1 9 61
1 10 61
1 11 61
3 12 61
2 13 61
2 14 61
0 15 61
0 1 62
0 2 62
0 3 62
0 4 62
0 5 62
0 6 62
0 7 62
0 8 62
0 9 62
1 10 62
1 11 62
0 12 62
0 13 62
0 14 62
0 15 62
0 1 63
0 2 63
0 3 63
0 4 63
0 5 63
1 6 63
0 7 63
0 8 63
0 9 63
0 10 63
0 11 63
3 12 63
0 13 63
1 14 63
0 15 63
3 1 64
2 2 64
1 3 64
1 4 64
1 5 64
1 6 64
1 7 64
2 8 64
2 9 64
2 10 64
1 11 64
2 12 64
1 13 64
2 14 64
1 15 64
1 1 65
1 2 65
1 3 65
1 4 65
2 5 65
1 6 65
1 7 65
2 8 65
0 9 65
3 10 65
2 11 65
3 12 65
3 13 65
2 14 65
3 15 65
0 1 66
2 2 66
3 3 66
3 4 66
3 5 66
0 6 66
3 7 66
3 8 66
2 9 66
2 10 66
2 11 66
3 12 66
0 13 66
2 14 66
2 15 66
10 1 67
9 2 67
9 3 67
8 4 67
9 5 67
8 6 67
4 7 67
5 8 67
6 9 67
6 10 67
4 11 67
3 12 67
7 13 67
3 14 67
9 15 67
0 1 68
0 2 68
0 3 68
0 4 68
0 5 68
0 6 68
0 7 68
0 8 68
1 9 68
0 10 68
0 11 68
1 12 68
0 13 68
0 14 68
0 15 68
2 1 69
2 2 69
1 3 69
1 4 69
2 5 69
0 6 69
0 7 69
0 8 69
1 9 69
1 10 69
0 11 69
2 12 69
2 13 69
0 14 69
0 15 69
3 1 70
4 2 70
3 3 70
3 4 70
3 5 70
3 6 70
2 7 70
3 8 70
2 9 70
2 10 70
2 11 70
3 12 70
3 13 70
3 14 70
3 15 70
0 1 71
1 2 71
2 3 71
1 4 71
0 5 71
3 6 71
2 7 71
1 8 71
0 9 71
2 10 71
2 11 71
2 12 71
3 13 71
0 14 71
0 15 71
3 1 72
2 2 72
3 3 72
1 4 72
2 5 72
1 6 72
2 7 72
2 8 72
1 9 72
3 10 72
1 11 72
2 12 72
2 13 72
2 14 72
1 15 72
1 1 73
0 2 73
0 3 73
1 4 73
1 5 73
0 6 73
0 7 73
1 8 73
0 9 73
0 10 73
1 11 73
0 12 73
0 13 73
0 14 73
0 15 73
4 1 74
0 2 74
0 3 74
1 4 74
3 5 74
1 6 74
2 7 74
1 8 74
2 9 74
5 10 74
4 11 74
4 12 74
1 13 74
2 14 74
1 15 74
1 1 75
2 2 75
1 3 75
1 4 75
2 5 75
2 6 75
1 7 75
1 8 75
2 9 75
2 10 75
2 11 75
1 12 75
1 13 75
1 14 75
2 15 75
2 1 76
4 2 76
2 3 76
0 4 76
0 5 76
0 6 76
2 7 76
3 8 76
0 9 76
0 10 76
1 11 76
0 12 76
1 13 76
1 14 76
1 15 76
1 1 77
2 2 77
1 3 77
5 4 77
2 5 77
6 6 77
4 7 77
6 8 77
5 9 77
4 10 77
3 11 77
1 12 77
1 13 77
1 14 77
1 15 77
6 1 78
2 2 78
3 3 78
4 4 78
0 5 78
1 6 78
1 7 78
3 8 78
1 9 78
4 10 78
4 11 78
3 12 78
3 13 78
0 14 78
4 15 78
0 1 79
0 2 79
0 3 79
0 4 79
0 5 79
0 6 79
0 7 79
0 8 79
0 9 79
0 10 79
0 11 79
0 12 79
0 13 79
0 14 79
0 15 79
0 1 80
0 2 80
0 3 80
0 4 80
0 5 80
0 6 80
0 7 80
0 8 80
0 9 80
0 10 80
0 11 80
0 12 80
0 13 80
0 14 80
0 15 80
1 1 81
2 2 81
1 3 81
3 4 81
3 5 81
3 6 81
1 7 81
3 8 81
1 9 81
1 10 81
3 11 81
3 12 81
0 13 81
1 14 81
3 15 81
8 1 82
7 2 82
6 3 82
5 4 82
6 5 82
7 6 82
5 7 82
9 8 82
6 9 82
9 10 82
6 11 82
9 12 82
8 13 82
9 14 82
9 15 82
0 1 83
0 2 83
0 3 83
0 4 83
0 5 83
0 6 83
0 7 83
2 8 83
0 9 83
1 10 83
0 11 83
0 12 83
1 13 83
0 14 83
1 15 83
15 1 84
7 2 84
11 3 84
5 4 84
8 5 84
7 6 84
6 7 84
5 8 84
9 9 84
6 10 84
5 11 84
5 12 84
8 13 84
6 14 84
11 15 84
1 1 85
0 2 85
0 3 85
1 4 85
0 5 85
1 6 85
1 7 85
1 8 85
0 9 85
0 10 85
2 11 85
0 12 85
2 13 85
4 14 85
2 15 85
1 1 86
0 2 86
1 3 86
2 4 86
1 5 86
2 6 86
2 7 86
2 8 86
1 9 86
2 10 86
2 11 86
2 12 86
1 13 86
1 14 86
1 15 86
3 1 87
3 2 87
1 3 87
1 4 87
2 5 87
0 6 87
1 7 87
1 8 87
1 9 87
0 10 87
0 11 87
1 12 87
3 13 87
1 14 87
3 15 87
1 1 88
1 2 88
2 3 88
1 4 88
0 5 88
0 6 88
0 7 88
0 8 88
1 9 88
1 10 88
1 11 88
1 12 88
1 13 88
0 14 88
1 15 88
1 1 89
0 2 89
1 3 89
1 4 89
2 5 89
1 6 89
0 7 89
0 8 89
1 9 89
1 10 89
2 11 89
1 12 89
2 13 89
2 14 89
2 15 89
6 1 90
3 2 90
4 3 90
3 4 90
2 5 90
4 6 90
3 7 90
2 8 90
1 9 90
4 10 90
3 11 90
6 12 90
4 13 90
2 14 90
2 15 90
1 1 91
0 2 91
0 3 91
1 4 91
2 5 91
1 6 91
1 7 91
1 8 91
0 9 91
0 10 91
0 11 91
0 12 91
0 13 91
1 14 91
0 15 91
1 1 92
1 2 92
1 3 92
2 4 92
2 5 92
2 6 92
1 7 92
2 8 92
1 9 92
2 10 92
2 11 92
1 12 92
1 13 92
1 14 92
1 15 92
6 1 93
2 2 93
4 3 93
2 4 93
1 5 93
1 6 93
4 7 93
4 8 93
4 9 93
1 10 93
2 11 93
1 12 93
2 13 93
2 14 93
2 15 93
3 1 94
4 2 94
3 3 94
1 4 94
2 5 94
2 6 94
2 7 94
2 8 94
2 9 94
1 10 94
1 11 94
2 12 94
3 13 94
2 14 94
2 15 94
1 1 95
2 2 95
0 3 95
0 4 95
0 5 95
0 6 95
0 7 95
1 8 95
2 9 95
2 10 95
1 11 95
4 12 95
0 13 95
1 14 95
1 15 95
7 1 96
1 2 96
4 3 96
4 4 96
4 5 96
3 6 96
2 7 96
5 8 96
5 9 96
5 10 96
9 11 96
5 12 96
5 13 96
4 14 96
4 15 96
2 1 97
2 2 97
2 3 97
1 4 97
2 5 97
3 6 97
3 7 97
2 8 97
1 9 97
1 10 97
1 11 97
2 12 97
2 13 97
2 14 97
2 15 97
5 1 98
6 2 98
5 3 98
3 4 98
4 5 98
3 6 98
1 7 98
1 8 98
1 9 98
2 10 98
0 11 98
3 12 98
0 13 98
1 14 98
2 15 98
0 1 99
0 2 99
0 3 99
1 4 99
1 5 99
0 6 99
0 7 99
2 8 99
1 9 99
1 10 99
1 11 99
0 12 99
0 13 99
0 14 99
0 15 99
2 1 100
1 2 100
0 3 100
1 4 100
0 5 100
0 6 100
1 7 100
1 8 100
1 9 100
2 10 100
1 11 100
1 12 100
2 13 100
1 14 100
3 15 100
0 1 101
0 2 101
0 3 101
0 4 101
0 5 101
0 6 101
0 7 101
0 8 101
0 9 101
0 10 101
0 11 101
1 12 101
0 13 101
0 14 101
0 15 101
1 1 102
0 2 102
0 3 102
0 4 102
0 5 102
0 6 102
1 7 102
0 8 102
0 9 102
0 10 102
0 11 102
0 12 102
0 13 102
0 14 102
0 15 102
0 1 103
5 2 103
6 3 103
0 4 103
1 5 103
0 6 103
2 7 103
1 8 103
2 9 103
1 10 103
2 11 103
0 12 103
0 13 103
1 14 103
1 15 103
2 1 104
2 2 104
0 3 104
1 4 104
2 5 104
1 6 104
3 7 104
4 8 104
3 9 104
5 10 104
4 11 104
6 12 104
4 13 104
2 14 104
2 15 104
0 1 105
1 2 105
0 3 105
1 4 105
0 5 105
0 6 105
0 7 105
1 8 105
2 9 105
0 10 105
0 11 105
1 12 105
0 13 105
0 14 105
0 15 105
3 1 106
3 2 106
1 3 106
2 4 106
2 5 106
1 6 106
2 7 106
3 8 106
1 9 106
1 10 106
1 11 106
1 12 106
1 13 106
1 14 106
2 15 106
1 1 107
0 2 107
1 3 107
0 4 107
0 5 107
0 6 107
1 7 107
0 8 107
0 9 107
0 10 107
0 11 107
0 12 107
0 13 107
0 14 107
0 15 107
1 1 108
1 2 108
1 3 108
1 4 108
0 5 108
0 6 108
1 7 108
0 8 108
0 9 108
0 10 108
1 11 108
0 12 108
0 13 108
3 14 108
0 15 108
2 1 109
5 2 109
2 3 109
2 4 109
2 5 109
2 6 109
1 7 109
0 8 109
0 9 109
1 10 109
2 11 109
1 12 109
0 13 109
0 14 109
0 15 109
3 1 110
4 2 110
2 3 110
1 4 110
3 5 110
1 6 110
0 7 110
2 8 110
2 9 110
2 10 110
2 11 110
1 12 110
2 13 110
1 14 110
1 15 110
2 1 111
3 2 111
2 3 111
1 4 111
1 5 111
1 6 111
1 7 111
1 8 111
1 9 111
1 10 111
0 11 111
0 12 111
1 13 111
0 14 111
0 15 111
2 1 112
2 2 112
3 3 112
1 4 112
2 5 112
1 6 112
2 7 112
2 8 112
1 9 112
3 10 112
2 11 112
2 12 112
2 13 112
2 14 112
2 15 112
5 1 113
2 2 113
4 3 113
3 4 113
8 5 113
3 6 113
4 7 113
4 8 113
4 9 113
1 10 113
3 11 113
2 12 113
2 13 113
14 14 113
7 15 113
1 1 114
1 2 114
0 3 114
2 4 114
0 5 114
1 6 114
1 7 114
1 8 114
1 9 114
0 10 114
2 11 114
1 12 114
0 13 114
2 14 114
1 15 114
0 1 115
2 2 115
0 3 115
0 4 115
1 5 115
2 6 115
1 7 115
1 8 115
3 9 115
1 10 115
4 11 115
1 12 115
0 13 115
0 14 115
3 15 115
2 1 116
2 2 116
2 3 116
2 4 116
2 5 116
3 6 116
2 7 116
3 8 116
2 9 116
2 10 116
2 11 116
1 12 116
4 13 116
2 14 116
2 15 116
1 1 117
1 2 117
0 3 117
1 4 117
0 5 117
0 6 117
0 7 117
1 8 117
0 9 117
2 10 117
0 11 117
4 12 117
1 13 117
1 14 117
0 15 117
2 1 118
0 2 118
0 3 118
1 4 118
2 5 118
2 6 118
2 7 118
0 8 118
0 9 118
1 10 118
2 11 118
2 12 118
2 13 118
2 14 118
2 15 118
2 1 119
0 2 119
0 3 119
2 4 119
0 5 119
1 6 119
2 7 119
1 8 119
2 9 119
0 10 119
2 11 119
2 12 119
1 13 119
1 14 119
2 15 119
2 1 120
2 2 120
1 3 120
2 4 120
2 5 120
3 6 120
2 7 120
2 8 120
2 9 120
1 10 120
1 11 120
1 12 120
2 13 120
2 14 120
2 15 120
3 1 121
0 2 121
0 3 121
2 4 121
0 5 121
1 6 121
2 7 121
1 8 121
2 9 121
1 10 121
1 11 121
1 12 121
0 13 121
0 14 121
0 15 121
3 1 122
3 2 122
3 3 122
2 4 122
3 5 122
2 6 122
1 7 122
2 8 122
1 9 122
1 10 122
1 11 122
2 12 122
1 13 122
0 14 122
1 15 122
1 1 123
1 2 123
0 3 123
1 4 123
0 5 123
1 6 123
0 7 123
0 8 123
0 9 123
0 10 123
0 11 123
1 12 123
1 13 123
1 14 123
1 15 123
5 1 124
3 2 124
3 3 124
3 4 124
2 5 124
3 6 124
4 7 124
5 8 124
2 9 124
4 10 124
5 11 124
6 12 124
3 13 124
4 14 124
2 15 124
2 1 125
1 2 125
0 3 125
3 4 125
3 5 125
0 6 125
2 7 125
1 8 125
3 9 125
2 10 125
2 11 125
2 12 125
2 13 125
3 14 125
2 15 125
3 1 126
4 2 126
3 3 126
4 4 126
3 5 126
0 6 126
4 7 126
1 8 126
2 9 126
3 10 126
0 11 126
2 12 126
0 13 126
0 14 126
2 15 126
0 1 127
0 2 127
0 3 127
0 4 127
1 5 127
1 6 127
1 7 127
0 8 127
0 9 127
2 10 127
2 11 127
0 12 127
0 13 127
0 14 127
0 15 127
1 1 128
0 2 128
0 3 128
3 4 128
1 5 128
0 6 128
2 7 128
1 8 128
0 9 128
2 10 128
2 11 128
0 12 128
0 13 128
1 14 128
0 15 128
0 1 129
0 2 129
1 3 129
0 4 129
0 5 129
0 6 129
0 7 129
1 8 129
0 9 129
1 10 129
1 11 129
1 12 129
1 13 129
1 14 129
0 15 129
0 1 130
1 2 130
0 3 130
0 4 130
1 5 130
0 6 130
2 7 130
5 8 130
1 9 130
0 10 130
2 11 130
1 12 130
0 13 130
2 14 130
0 15 130
2 1 131
2 2 131
2 3 131
3 4 131
3 5 131
3 6 131
2 7 131
2 8 131
2 9 131
3 10 131
2 11 131
3 12 131
2 13 131
2 14 131
2 15 131
1 1 132
1 2 132
2 3 132
2 4 132
1 5 132
1 6 132
1 7 132
1 8 132
2 9 132
2 10 132
3 11 132
3 12 132
3 13 132
2 14 132
3 15 132
3 1 133
4 2 133
3 3 133
2 4 133
3 5 133
2 6 133
4 7 133
3 8 133
3 9 133
0 10 133
1 11 133
2 12 133
3 13 133
2 14 133
3 15 133
4 1 134
2 2 134
2 3 134
2 4 134
3 5 134
2 6 134
2 7 134
3 8 134
2 9 134
0 10 134
2 11 134
2 12 134
1 13 134
0 14 134
2 15 134
3 1 135
3 2 135
3 3 135
2 4 135
3 5 135
2 6 135
3 7 135
3 8 135
2 9 135
1 10 135
3 11 135
2 12 135
1 13 135
2 14 135
4 15 135
8 1 136
6 2 136
12 3 136
2 4 136
1 5 136
3 6 136
4 7 136
5 8 136
4 9 136
4 10 136
4 11 136
8 12 136
11 13 136
10 14 136
11 15 136
2 1 137
3 2 137
2 3 137
2 4 137
2 5 137
2 6 137
2 7 137
2 8 137
0 9 137
1 10 137
2 11 137
0 12 137
4 13 137
3 14 137
0 15 137
2 1 138
3 2 138
4 3 138
5 4 138
5 5 138
4 6 138
4 7 138
4 8 138
4 9 138
5 10 138
5 11 138
5 12 138
5 13 138
5 14 138
6 15 138
0 1 139
0 2 139
0 3 139
2 4 139
1 5 139
2 6 139
2 7 139
2 8 139
2 9 139
2 10 139
2 11 139
2 12 139
3 13 139
3 14 139
1 15 139
4 1 140
3 2 140
3 3 140
3 4 140
3 5 140
3 6 140
4 7 140
4 8 140
3 9 140
2 10 140
2 11 140
1 12 140
4 13 140
3 14 140
2 15 140
0 1 141
1 2 141
1 3 141
1 4 141
1 5 141
0 6 141
2 7 141
3 8 141
1 9 141
0 10 141
1 11 141
0 12 141
1 13 141
6 14 141
3 15 141
3 1 142
2 2 142
0 3 142
4 4 142
2 5 142
2 6 142
2 7 142
2 8 142
2 9 142
2 10 142
2 11 142
4 12 142
5 13 142
2 14 142
4 15 142
3 1 143
1 2 143
0 3 143
3 4 143
2 5 143
2 6 143
0 7 143
0 8 143
0 9 143
1 10 143
0 11 143
0 12 143
0 13 143
0 14 143
0 15 143
0 1 144
0 2 144
2 3 144
0 4 144
0 5 144
1 6 144
1 7 144
3 8 144
1 9 144
1 10 144
1 11 144
2 12 144
2 13 144
1 14 144
2 15 144
2 1 145
3 2 145
1 3 145
1 4 145
1 5 145
2 6 145
0 7 145
0 8 145
0 9 145
1 10 145
2 11 145
1 12 145
1 13 145
1 14 145
2 15 145
3 1 146
3 2 146
3 3 146
3 4 146
3 5 146
4 6 146
8 7 146
3 8 146
3 9 146
7 10 146
4 11 146
3 12 146
4 13 146
5 14 146
6 15 146
2 1 147
2 2 147
4 3 147
1 4 147
0 5 147
1 6 147
2 7 147
1 8 147
1 9 147
0 10 147
1 11 147
1 12 147
2 13 147
1 14 147
2 15 147
5 1 148
7 2 148
5 3 148
4 4 148
3 5 148
4 6 148
5 7 148
5 8 148
2 9 148
8 10 148
5 11 148
6 12 148
3 13 148
2 14 148
3 15 148
2 1 149
1 2 149
1 3 149
1 4 149
2 5 149
1 6 149
0 7 149
0 8 149
5 9 149
3 10 149
7 11 149
4 12 149
1 13 149
2 14 149
1 15 149
0 1 150
0 2 150
1 3 150
0 4 150
0 5 150
0 6 150
0 7 150
0 8 150
0 9 150
0 10 150
0 11 150
0 12 150
0 13 150
1 14 150
1 15 150
0 1 151
2 2 151
1 3 151
2 4 151
1 5 151
2 6 151
1 7 151
1 8 151
1 9 151
1 10 151
1 11 151
1 12 151
1 13 151
1 14 151
1 15 151
2 1 152
0 2 152
0 3 152
1 4 152
0 5 152
1 6 152
0 7 152
0 8 152
0 9 152
2 10 152
2 11 152
2 12 152
2 13 152
3 14 152
2 15 152
2 1 153
1 2 153
1 3 153
1 4 153
1 5 153
1 6 153
1 7 153
0 8 153
2 9 153
0 10 153
0 11 153
0 12 153
2 13 153
2 14 153
2 15 153
5 1 154
4 2 154
4 3 154
2 4 154
4 5 154
3 6 154
3 7 154
3 8 154
3 9 154
6 10 154
5 11 154
3 12 154
5 13 154
4 14 154
8 15 154
1 1 155
1 2 155
0 3 155
1 4 155
2 5 155
0 6 155
0 7 155
1 8 155
0 9 155
0 10 155
0 11 155
0 12 155
1 13 155
0 14 155
0 15 155
2 1 156
4 2 156
2 3 156
2 4 156
3 5 156
2 6 156
3 7 156
3 8 156
3 9 156
4 10 156
3 11 156
5 12 156
2 13 156
3 14 156
2 15 156
6 1 157
6 2 157
4 3 157
4 4 157
4 5 157
3 6 157
6 7 157
2 8 157
4 9 157
4 10 157
2 11 157
4 12 157
4 13 157
4 14 157
3 15 157
4 1 158
2 2 158
2 3 158
2 4 158
2 5 158
4 6 158
2 7 158
3 8 158
2 9 158
1 10 158
2 11 158
1 12 158
4 13 158
2 14 158
2 15 158
3 1 159
3 2 159
3 3 159
5 4 159
4 5 159
5 6 159
5 7 159
5 8 159
7 9 159
6 10 159
3 11 159
4 12 159
3 13 159
5 14 159
4 15 159
4 1 160
2 2 160
2 3 160
2 4 160
3 5 160
2 6 160
1 7 160
1 8 160
1 9 160
1 10 160
1 11 160
2 12 160
1 13 160
0 14 160
3 15 160
3 1 161
7 2 161
9 3 161
3 4 161
6 5 161
0 6 161
9 7 161
5 8 161
3 9 0
0 0 0
0 0 0
0 0 0
0 0 0
0 0 0
0 0 0
0 0 0
0 0 0
0 0 0
0 0 0
0 0 0
0 0 0
0 0 0
0 0 0
0 0 0
0 0 0
0 0 0
0 0 0
0 0 0
0 0 0
0 0 0
0 0 0
0 0 0
0 0 0
0 0 0
0 0 0
0 0 0
0 0 0
0 0 0
0 0 0
0 0 0
0 0 0
0 0 0
0 0 0
0 0 0
0 0 0
0 0 0
0 0 0
0 0 0
0 0 0
0 0 0
0 0 0
0 0 0
0 0 0
0 0 0
0 0 0
0 0 0
0 0 0
0 0 0
0 0 0
0 0 0
0 0 0
0 0 0
0 0 0
0 0 0
0 0 0
0 0 0
0 0 0
0 0 0
0 0 0
0 0 0
0 0 0
0 0 0
0 0 0
0 0 0
0 0 0
0 0 0
0 0 0
0 0 0
0 0 0
0 0 0
0 0 0
0 0 0
0 0 0
0 0 0
0 0 0
0 0 0
0 0 0
0 0 0
0 0 0
0 0 0
0 0 0
0 0 0
0 0 0
0 0 0
0 0 0
0 0 0
0 0 0
0 0 0
0 0 0
0 0 0
0 0 0
0 0 0
0 0 0
0 0 0
0 0 0
0 0 0
0 0 0
0 0 0
0 0 0
0 0 0
0 0 0
0 0 0
0 0 0
0 0 0
0 0 0
0 0 0
0 0 0
0 0 0
0 0 0
0 0 0
0 0 0
0 0 0
0 0 0
0 0 0
0 0 0
0 0 0
0 0 0
0 0 0
0 0 0
0 0 0
0 0 0
0 0 0
0 0 0
0 0 0
0 0 0
0 0 0
0 0 0
0 0 0
0 0 0
0 0 0
0 0 0
0 0 0
0 0 0
0 0 0
0 0 0
0 0 0
0 0 0
0 0 0
0 0 0
0 0 0
0 0 0
0 0 0
0 0 0
0 0 0
0 0 0
0 0 0
0 0 0
0 0 0
0 0 0
0 0 0
0 0 0
0 0 0
0 0 0
0 0 0
0 0 0
0 0 0
0 0 0
0 0 0
0 0 0
0 0 0
0 0 0
0 0 0
0 0 0
0 0 0
0 0 0
0 0 0
0 0 0
0 0 0
0 0 0
0 0 0
0 0 0
0 0 0
0 0 0
0 0 0
0 0 0
0 0 0
0 0 0
0 0 0
0 0 0
0 0 0
0 0 0
0 0 0
0 0 0
0 0 0
0 0 0
0 0 0
0 0 0
0 0 0
0 0 0
0 0 0
0 0 0
0 0 0
0 0 0
0 0 0
0 0 0
0 0 0
0 0 0
0 0 0
0 0 0
0 0 0
0 0 0
0 0 0
0 0 0
0 4 175
0 5 175
0 6 175
0 7 175
0 8 175
0 9 175
1 10 175
1 11 175
1 12 175
0 13 175
0 14 175
2 15 175
1 1 176
0 2 176
4 3 176
2 4 176
2 5 176
3 6 176
0 7 176
0 8 176
0 9 176
0 10 176
2 11 176
1 12 176
0 13 176
1 14 176
1 15 176
1 1 177
0 2 177
1 3 177
0 4 177
1 5 177
1 6 177
1 7 177
0 8 177
2 9 177
4 10 177
1 11 177
0 12 177
0 13 177
2 14 177
3 15 177
0 1 178
0 2 178
0 3 178
1 4 178
0 5 178
2 6 178
2 7 178
0 8 178
3 9 178
2 10 178
4 11 178
4 12 178
2 13 178
1 14 178
1 15 178
0 1 179
0 2 179
0 3 179
0 4 179
0 5 179
0 6 179
0 7 179
0 8 179
0 9 179
0 10 179
0 11 179
0 12 179
0 13 179
0 14 179
0 15 179
1 1 180
0 2 180
0 3 180
1 4 180
0 5 180
1 6 180
0 7 180
0 8 180
0 9 180
0 10 180
0 11 180
0 12 180
1 13 180
0 14 180
1 15 180
2 1 181
2 2 181
2 3 181
2 4 181
2 5 181
4 6 181
5 7 181
3 8 181
2 9 181
3 10 181
3 11 181
2 12 181
6 13 181
4 14 181
4 15 181
0 1 182
0 2 182
1 3 182
0 4 182
2 5 182
1 6 182
0 7 182
0 8 182
0 9 182
0 10 182
0 11 182
0 12 182
0 13 182
0 14 182
1 15 182
0 1 183
1 2 183
0 3 183
3 4 183
0 5 183
0 6 183
0 7 183
0 8 183
0 9 183
0 10 183
1 11 183
1 12 183
0 13 183
1 14 183
0 15 183
0 1 184
0 2 184
2 3 184
0 4 184
0 5 184
0 6 184
0 7 184
0 8 184
2 9 184
0 10 184
0 11 184
0 12 184
0 13 184
0 14 184
0 15 184
2 1 185
0 2 185
1 3 185
0 4 185
2 5 185
3 6 185
0 7 185
1 8 185
1 9 185
1 10 185
0 11 185
0 12 185
1 13 185
2 14 185
0 15 185
0 1 186
0 2 186
1 3 186
0 4 186
0 5 186
0 6 186
0 7 186
0 8 186
0 9 186
0 10 186
0 11 186
0 12 186
0 13 186
0 14 186
0 15 186
0 1 187
3 2 187
1 3 187
1 4 187
1 5 187
2 6 187
1 7 187
1 8 187
0 9 187
1 10 187
1 11 187
2 12 187
0 13 187
0 14 187
0 15 187
1 1 188
1 2 188
1 3 188
0 4 188
0 5 188
2 6 188
0 7 188
0 8 188
1 9 188
0 10 188
0 11 188
2 12 188
2 13 188
0 14 188
1 15 188
5 1 189
1 2 189
1 3 189
2 4 189
1 5 189
3 6 189
2 7 189
3 8 189
3 9 189
3 10 189
2 11 189
3 12 189
3 13 189
3 14 189
4 15 189
2 1 190
5 2 190
4 3 190
2 4 190
1 5 190
2 6 190
2 7 190
2 8 190
2 9 190
2 10 190
1 11 190
2 12 190
2 13 190
2 14 190
2 15 190
1 1 191
0 2 191
1 3 191
0 4 191
1 5 191
1 6 191
0 7 191
1 8 191
0 9 191
1 10 191
0 11 191
0 12 191
0 13 191
0 14 191
1 15 191
2 1 192
2 2 192
1 3 192
2 4 192
2 5 192
1 6 192
2 7 192
1 8 192
1 9 192
1 10 192
2 11 192
1 12 192
3 13 192
2 14 192
3 15 192
0 1 193
0 2 193
1 3 193
0 4 193
0 5 193
0 6 193
0 7 193
0 8 193
0 9 193
0 10 193
0 11 193
0 12 193
0 13 193
0 14 193
0 15 193
1 1 194
1 2 194
1 3 194
2 4 194
1 5 194
0 6 194
1 7 194
1 8 194
0 9 194
1 10 194
1 11 194
1 12 194
2 13 194
4 14 194
0 15 194
